n <- 4806, times = [2439.2, 2471.74, 2318.14, 2479.18]
n <- 2406, times = [658.31, 674.21, 663.2, 649.32]
n <-  966, times = [461.99, 438.91, 441.18, 432.38]
n <-  486, times = [139.09, 142.48, 143.59, 143.28]
